# X i Y ms
1 8278
2 8342
3 8259
4 8306
5 8270
6 8307
7 8273
8 8314
9 8268
10 8306
11 8272
12 8307
13 8270
14 8316
15 8260
16 8308
17 8274
18 8307
19 8269
20 8311
21 8268
22 8310
23 8273
24 8310
25 8267
26 8309
27 8274
28 8306
29 8272
30 8306
31 8268
32 8309
33 8270
34 8306
35 8267
36 8310
37 8267
38 8313
39 8273
40 8314
41 8271
42 8310
43 8275
44 8314
45 8262
46 8310
47 8274
48 8313
49 8271
50 8303
51 8270
52 8309
53 8273
54 8316
55 8263
56 8311
57 8267
58 8312
59 8267
60 8311
61 8269
62 8314
63 8271
64 8314
65 8259
66 8308
67 8272
68 8312
69 8266
70 8309
71 8272
72 8311
73 8270
74 8309
75 8268
76 8307
77 8270
78 8311
79 8267
80 8308
81 8268
82 8312
83 8270
84 8307
85 8270
86 8308
87 8272
88 8311
89 8269
90 8309
91 8266
92 8314
93 8265
94 8316
95 8267
96 8312
97 8269
98 8309
99 8267
100 8267