X i Y ms
1 40.4479
2 40.171
3 34.1401
4 44.5604
5 35.0968
6 40.1398
7 40.8149
8 39.3088
9 36.5718
10 37.1214
11 40.1631
12 43.0393
13 34.1063
14 34.9761
15 38.7993
16 36.2434
17 41.0549
18 36.9862
19 36.4651
20 41.6133
21 36.1032
22 36.2356
23 33.9546
24 36.1023
25 34.1117
26 38.0405
27 34.09
28 35.2262
29 36.4719
30 38.2031
31 38.4599
32 33.8567
33 34.6792
34 38.3352
35 35.3878
36 35.3308
37 34.121
38 34.1908
39 33.3726
40 34.3166
41 33.6023
42 38.3679
43 35.2119
44 34.3403
45 39.6818
46 33.5562
47 34.1263
48 39.8495
49 34.678
50 35.5639
51 34.9845
52 34.2747
53 36.2712
54 36.9791
55 36.351
56 34.3481
57 37.8511
58 36.6444
59 33.8176
60 35.2038
61 38.2618
62 37.7549
63 33.0474
64 36.6988
65 38.1752
66 35.193
67 42.677
68 35.6331
69 36.6869
70 35.378
71 37.8307
72 34.1236
73 37.4406
74 34.3096
75 35.7669
76 38.075
77 44.1568
78 38.565
79 33.8788
80 34.0235
81 33.7066
82 36.0829
83 33.6856
84 34.9796
85 39.2255
86 35.5386
87 43.3328
88 43.6468
89 38.9814
90 37.4304
91 40.1763
92 34.8519
93 34.2843
94 41.2167
95 37.1548
96 41.2104
97 35.8812
98 41.3382
99 34.9546
100 40.4104
