# X i Y ms
1 8535
2 8363
3 8272
4 8317
5 8281
6 8315
7 8280
8 8325
9 8280
10 8316
11 8284
12 8318
13 8283
14 8328
15 8270
16 8316
17 8287
18 8317
19 8279
20 8322
21 8278
22 8318
23 8284
24 8322
25 8276
26 8317
27 8287
28 8315
29 8286
30 8318
31 8279
32 8320
33 8282
34 8319
35 8278
36 8321
37 8274
38 8320
39 8280
40 8323
41 8280
42 8317
43 8288
44 8324
45 8272
46 8317
47 8281
48 8323
49 8286
50 8314
51 8281
52 8316
53 8282
54 8328
55 8272
56 8323
57 8277
58 8324
59 8276
60 8321
61 8276
62 8325
63 8283
64 8327
65 8270
66 8317
67 8281
68 8325
69 8277
70 8317
71 8280
72 8322
73 8282
74 8320
75 8279
76 8318
77 8279
78 8324
79 8280
80 8320
81 8276
82 8322
83 8283
84 8317
85 8281
86 8317
87 8282
88 8322
89 8281
90 8319
91 8274
92 8327
93 8272
94 8327
95 8275
96 8322
97 8280
98 8321
99 8276
100 8276