X i Y ms
1 46.8777
2 33.9147
3 41.3123
4 34.6927
5 33.0837
6 34.0646
7 37.9428
8 38.5008
9 36.6312
10 34.8429
11 42.0151
12 38.0685
13 35.4915
14 34.6953
15 41.3995
16 33.4375
17 36.502
18 34.8345
19 37.8528
20 36.7164
21 38.0593
22 38.1241
23 35.9353
24 35.6687
25 35.5211
26 38.0137
27 35.3627
28 34.9916
29 33.2229
30 36.1855
31 34.207
32 34.3599
33 35.2636
34 34.7753
35 38.2164
36 34.1728
37 33.518
38 37.897
39 33.5148
40 34.3679
41 33.3197
42 33.0002
43 33.8256
44 33.6357
45 36.7895
46 37.7308
47 33.5817
48 35.7839
49 33.9321
50 35.2697
51 33.9255
52 35.6039
53 33.4517
54 33.9231
55 33.4059
56 33.1347
57 38.2364
58 36.717
59 34.6507
60 32.1222
61 35.0464
62 38.4109
63 35.3966
64 37.4838
65 34.1946
66 35.7341
67 36.6243
68 37.9721
69 41.5776
70 36.1288
71 37.5029
72 36.6084
73 35.2087
74 35.556
75 38.8714
76 34.3732
77 35.1184
78 35.185
79 37.4437
80 40.3325
81 46.7577
82 33.0452
83 33.1132
84 37.8172
85 33.6276
86 37.71
87 36.9494
88 36.45
89 42.9163
90 37.884
91 38.8178
92 39.6275
93 38.5493
94 36.1084
95 41.7693
96 34.9868
97 40.9042
98 34.0571
99 39.2282
100 36.8838
