X i Y ms
1 147.944
2 41.7962
3 49.0975
4 74.1173
5 46.7381
6 38.9131
7 44.0426
8 51.3266
9 42.7418
10 45.5308
11 55.0263
12 44.4359
13 46.8387
14 40.4033
15 48.4533
16 39.1249
17 41.912
18 42.5968
19 51.0063
20 48.7218
21 44.0796
22 49.6526
23 42.0155
24 46.8542
25 41.5962
26 43.8959
27 46.2624
28 42.7899
29 42.8816
30 41.7049
31 39.7829
32 39.8501
33 40.6538
34 40.4389
35 43.5918
36 39.5095
37 43.1904
38 43.3349
39 43.9085
40 39.787
41 38.6203
42 41.4169
43 39.1201
44 38.9962
45 43.4387
46 47.202
47 45.9077
48 41.1482
49 39.1846
50 40.9689
51 39.2839
52 44.5515
53 42.2828
54 42.7026
55 44.2268
56 42.0034
57 43.3895
58 41.7159
59 44.2059
60 37.0841
61 41.7701
62 44.5976
63 41.2479
64 43.2646
65 49.1386
66 48.2914
67 48.987
68 43.996
69 47.3181
70 46.7929
71 43.99
72 47.9887
73 41.1715
74 41.4115
75 45.2948
76 44.7367
77 40.6896
78 40.7
79 42.9936
80 50.7188
81 54.2351
82 41.6682
83 41.4852
84 42.8574
85 38.7173
86 44.4089
87 42.8612
88 42.2858
89 48.5942
90 48.5784
91 49.2398
92 50.1071
93 48.3967
94 41.7731
95 51.3804
96 44.3058
97 46.0689
98 42.6652
99 44.4609
100 46.1737
